Sample Rate:	60
Subject:	P31
Description:	Run31

Table Header for Fixations:
Event Type	Trial	Number	Start	End	Duration	Location X	Location Y	Dispersion X	Dispersion Y	Plane	Avg. Pupil Size X	Avg. Pupil Size Y

Table Header for Saccades:
Event Type	Trial	Number	Start	End	Duration	Start Loc.X	Start Loc.Y	End Loc.X	End Loc.Y	Amplitude	Peak Speed	Peak Speed At	Average Speed	Peak Accel.	Peak Decel.	Average Accel.

Table Header for Blinks:
Event Type	Trial	Number	Start	End	Duration

Table Header for User Events:
Event Type	Trial	Number	Start	Description

UserEvent	1	1	164700574490	# Message: RichText.jpg
Blink L	1	1	164700574708	164704492508	3917800
Blink R	1	1	164700574708	164704492508	3917800
UserEvent	1	2	164742043846	# Message: ExC:BgScrRec Start P31-130.89.13.112#3000#experiments#1#sessions#create-bgscrrec.avi
UserEvent	1	1	164744439346	# Message: 083a16d8-e069-4ce3-aeb3-be0f17a67c49.jpg
Fixation L	1	1	164744452187	164744595027	142840	384.9756	171.5539	12	85	-1	10.4598	10.4598
Fixation R	1	1	164744452187	164744595027	142840	384.9756	171.5539	12	85	-1	10.7066	10.7066
Saccade L	1	1	164744595027	164744678253	83226	376.2572	121.4009	361.5214	114.1892	2.6122	140.5404	1.0000	31.3864	3522.6879	-461.7811	656.7851
Saccade R	1	1	164744595027	164744678253	83226	376.2572	121.4009	361.5214	114.1892	2.6122	140.5404	1.0000	31.3864	3522.6879	-461.7811	656.7851
Fixation L	1	2	164744678253	164744778182	99929	356.5634	42.5142	8	91	-1	10.6608	10.6608
Fixation R	1	2	164744678253	164744778182	99929	356.5634	42.5142	8	91	-1	10.6794	10.6794
UserEvent	1	2	164744690474	# Message: fullWebsite Margin=2 91 1265 984
UserEvent	1	3	164744690568	# Message: scroll 0 0 0
Saccade L	1	2	164744778182	164744794820	16638	359.9481	62.7750	439.7038	24.1322	0.9154	141.5618	1.0000	55.0157	4191.7610	-4019.4273	3235.2814
Saccade R	1	2	164744778182	164744794820	16638	359.9481	62.7750	439.7038	24.1322	0.9154	141.5618	1.0000	55.0157	4191.7610	-4019.4273	3235.2814
Fixation L	1	3	164744794820	164744978172	183352	460.6499	19.9574	64	10	-1	10.5684	10.5684
Fixation R	1	3	164744794820	164744978172	183352	460.6499	19.9574	64	10	-1	10.6258	10.6258
Saccade L	1	3	164744978172	164744994807	16635	503.9132	19.4653	551.1913	19.6986	0.6266	75.5272	1.0000	37.6675	2072.5498	-1977.5286	1937.2263
Saccade R	1	3	164744978172	164744994807	16635	503.9132	19.4653	551.1913	19.6986	0.6266	75.5272	1.0000	37.6675	2072.5498	-1977.5286	1937.2263
Fixation L	1	4	164744994807	164745178163	183356	561.6800	19.5963	40	7	-1	10.5305	10.5305
Fixation R	1	4	164744994807	164745178163	183356	561.6800	19.5963	40	7	-1	10.6471	10.6471
Saccade L	1	4	164745178163	164745194814	16651	591.2345	23.2311	701.5526	25.2581	0.9504	176.2302	1.0000	57.0751	5166.5249	-5262.4464	3898.8417
Saccade R	1	4	164745178163	164745194814	16651	591.2345	23.2311	701.5526	25.2581	0.9504	176.2302	1.0000	57.0751	5166.5249	-5262.4464	3898.8417
Fixation L	1	5	164745194814	164745494813	299999	704.6626	18.4457	58	20	-1	10.5264	10.5264
Fixation R	1	5	164745194814	164745494813	299999	704.6626	18.4457	58	20	-1	10.7448	10.7448
Saccade L	1	5	164745494813	164745511516	16703	755.9259	8.9477	902.6423	14.3511	1.6681	234.4554	1.0000	99.8684	6968.5656	-6090.9891	4592.5686
Saccade R	1	5	164745494813	164745511516	16703	755.9259	8.9477	902.6423	14.3511	1.6681	234.4554	1.0000	99.8684	6968.5656	-6090.9891	4592.5686
Fixation L	1	6	164745511516	164745628222	116706	912.7736	46.1315	17	46	-1	10.7026	10.7026
Fixation R	1	6	164745511516	164745628222	116706	912.7736	46.1315	17	46	-1	10.8358	10.8358
Saccade L	1	6	164745628222	164745678543	50321	905.9946	61.2689	-2.0000	-92.5434	12.8450	596.0301	0.3308	255.2612	17293.8198	-17704.0514	13975.6168
Saccade R	1	6	164745628222	164745678543	50321	905.9946	61.2689	-2.0000	-92.5434	12.8450	596.0301	0.3308	255.2612	17293.8198	-17704.0514	13975.6168
Fixation L	1	7	164745678543	164745778058	99515	-2.0000	-91.8096	1	92	-1	7.2547	6.7547
Fixation R	1	7	164745678543	164745794835	116292	-2.0000	-91.7456	1	92	-1	9.1538	9.1538
Blink L	1	1	164745778058	164745861430	83372
Blink R	1	1	164745794835	164746078038	283203
Fixation L	1	8	164745861430	164746094804	233374	-2.0000	-91.0000	2	91	-1	8.7106	8.7106
Saccade R	1	7	164746078038	164746094804	16766	-2.0000	-91.0000	-2.0000	-91.0000	0.0000	0.0000	0.0000	0.0000	0.0000	0.0000	0.0000
Blink L	1	2	164746094804	164750914493	4819689
Blink R	1	2	164746094804	164750914493	4819689
Saccade L	1	7	164750914493	164750987557	73064	751.8649	130.4933	408.3276	71.6408	26.9998	1241.5721	0.0000	369.5360	20225.2877	-20232.9394	14182.4109
Saccade R	1	8	164750914493	164750987557	73064	751.8649	130.4933	408.3276	71.6408	26.9998	1241.5721	0.0000	369.5360	20225.2877	-20232.9394	14182.4109
Fixation L	1	9	164750987557	164751114181	126624	412.6148	63.3085	13	22	-1	11.7476	11.7476
Fixation R	1	8	164750987557	164751114181	126624	412.6148	63.3085	13	22	-1	11.8839	11.8839
Saccade L	1	8	164751114181	164751154200	40019	421.5620	74.7250	-2.0000	-90.9781	7.3722	484.9157	1.0000	184.2166	8654.1534	-14547.2884	8847.5383
Saccade R	1	9	164751114181	164751170781	56600	421.5620	74.7250	-2.0000	-90.9894	8.9372	484.9157	0.7070	157.9008	8654.1534	-14547.2884	7373.0232
Fixation L	1	10	164751154200	164751237763	83563	-2.0000	-90.9920	1	90	-1	7.5859	5.5859
Blink R	1	3	164751170781	164751254220	83439
Blink L	1	3	164751237763	164751323074	85311
Fixation R	1	9	164751254220	164751387399	133179	-2.0000	-91.0000	2	91	-1	9.0704	9.0704
Fixation L	1	11	164751323074	164751722296	399222	-2.0000	-91.0000	2	91	-1	12.6278	12.6278
Blink R	1	4	164751387399	164758036095	6648696
Blink L	1	4	164751722296	164758036095	6313799
Saccade L	1	9	164758036095	164758052335	16240	546.7416	118.7583	555.5378	109.6176	3.9293	932.7434	0.0000	241.9522	607.9828	-27538.3214	9520.3451
Fixation R	1	10	164758036095	164758252365	216270	586.8637	111.8039	77	17	-1	11.6717	11.6717
Fixation L	1	12	164758085525	164758402310	316785	610.6644	113.1818	72	13	-1	11.1696	11.1696
Saccade R	1	10	164758252365	164758268923	16558	620.9052	116.0719	630.4908	113.0841	0.1633	16.0402	1.0000	9.8606	178.0387	-322.3715	190.1244
Fixation R	1	11	164758268923	164758452591	183668	621.5655	120.7543	33	51	-1	11.6235	11.6235
Saccade L	1	10	164758402310	164758419054	16744	624.0701	110.1154	599.1362	141.1196	0.4617	63.5592	1.0000	27.5766	1741.2629	187.3375	959.5586
Fixation L	1	13	164758419054	164758535637	116583	585.3386	140.4882	31	47	-1	11.0500	11.0500
Saccade R	1	11	164758452591	164758785509	332918	601.4894	162.0023	662.7366	93.4369	38.6682	725.2892	0.9009	116.1495	14213.6480	-19066.9910	3400.9661
Saccade L	1	11	164758535637	164758719015	183378	569.5655	153.3358	613.8897	501.3915	19.7165	480.0053	1.0000	107.5186	14213.6480	-4484.7556	3855.6561
Saccade L	1	12	164758768994	164758785509	16515	606.5759	92.6800	662.7366	93.4369	3.7771	725.2892	1.0000	228.7072	238.6712	-19066.9910	7176.3061
Fixation L	1	14	164758785509	164759035729	250220	704.5470	94.4352	83	13	-1	10.7817	10.7817
Fixation R	1	12	164758785509	164759035729	250220	704.5470	94.4352	83	13	-1	11.3112	11.3112
Saccade L	1	13	164759035729	164759052222	16493	718.9451	98.4030	723.4706	94.7975	0.0838	9.2437	1.0000	5.0807	2661.1998	81.5559	990.8779
Saccade R	1	12	164759035729	164759052222	16493	718.9451	98.4030	723.4706	94.7975	0.0838	9.2437	1.0000	5.0807	2661.1998	81.5559	990.8779
Fixation L	1	15	164759052222	164759320295	268073	795.5944	93.9141	87	10	-1	10.9177	10.9177
Fixation R	1	13	164759052222	164759320295	268073	795.5944	93.9141	87	10	-1	11.3751	11.3751
Saccade L	1	14	164759320295	164759385560	65265	809.7688	87.8289	814.6367	82.6434	4.2839	215.7310	1.0000	65.6382	5935.3462	-6248.7289	2332.7190
Saccade R	1	13	164759320295	164759385560	65265	809.7688	87.8289	814.6367	82.6434	4.2839	215.7310	1.0000	65.6382	5935.3462	-6248.7289	2332.7190
Fixation L	1	16	164759385560	164759502154	116594	844.3863	71.5803	67	20	-1	10.7942	10.7942
Fixation R	1	14	164759385560	164759502154	116594	844.3863	71.5803	67	20	-1	11.2715	11.2715
Saccade L	1	15	164759502154	164759568771	66617	881.3245	61.8617	891.5589	67.3624	5.0842	175.4421	1.0000	76.3204	3230.3530	-5165.6234	3266.5109
Saccade R	1	14	164759502154	164759568771	66617	881.3245	61.8617	891.5589	67.3624	5.0842	175.4421	1.0000	76.3204	3230.3530	-5165.6234	3266.5109
Fixation L	1	17	164759568771	164759785562	216791	883.4487	69.0018	49	38	-1	10.8234	10.8234
Fixation R	1	15	164759568771	164759785562	216791	883.4487	69.0018	49	38	-1	11.2233	11.2233
Saccade L	1	16	164759785562	164759802134	16572	865.3187	97.4805	848.0738	94.0537	0.3972	50.8865	1.0000	23.9671	152.8859	-683.9513	358.9205
Saccade R	1	15	164759785562	164759802134	16572	865.3187	97.4805	848.0738	94.0537	0.3972	50.8865	1.0000	23.9671	152.8859	-683.9513	358.9205
Fixation L	1	18	164759802134	164760318888	516754	858.6917	118.7938	43	33	-1	10.9533	10.9533
Fixation R	1	16	164759802134	164760318888	516754	858.6917	118.7938	43	33	-1	11.2379	11.2379
Saccade L	1	17	164760318888	164760335462	16574	880.3108	126.3820	925.0208	155.9642	0.5732	85.6414	1.0000	34.5866	2515.7004	-1677.0952	1826.8831
Saccade R	1	16	164760318888	164760335462	16574	880.3108	126.3820	925.0208	155.9642	0.5732	85.6414	1.0000	34.5866	2515.7004	-1677.0952	1826.8831
Fixation L	1	19	164760335462	164760585433	249971	929.5797	165.1847	30	36	-1	10.9385	10.9385
Fixation R	1	17	164760335462	164760585433	249971	929.5797	165.1847	30	36	-1	11.2195	11.2195
Saccade L	1	18	164760585433	164760618899	33466	934.3531	162.5646	517.1044	99.0187	4.8443	351.1151	1.0000	144.7535	10250.0542	-9642.4444	9638.2730
Saccade R	1	17	164760585433	164760618899	33466	934.3531	162.5646	517.1044	99.0187	4.8443	351.1151	1.0000	144.7535	10250.0542	-9642.4444	9638.2730
Fixation L	1	20	164760618899	164760852199	233300	485.5924	83.5587	40	28	-1	10.8838	10.8838
Fixation R	1	18	164760618899	164760852199	233300	485.5924	83.5587	40	28	-1	11.1188	11.1188
Saccade L	1	19	164760852199	164760868761	16562	480.7858	89.9985	410.7036	86.1101	0.9306	112.1225	1.0000	56.1870	3232.9628	-2872.6302	2936.5405
Saccade R	1	18	164760852199	164760868761	16562	480.7858	89.9985	410.7036	86.1101	0.9306	112.1225	1.0000	56.1870	3232.9628	-2872.6302	2936.5405
Fixation L	1	21	164760868761	164761702040	833279	360.0410	82.2426	72	26	-1	10.9163	10.9163
Fixation R	1	19	164760868761	164761702040	833279	360.0410	82.2426	72	26	-1	11.0926	11.0926
Saccade L	1	20	164761702040	164761785399	83359	397.2118	95.2001	132.3151	-17.4922	9.0222	331.2047	0.4029	108.2328	9829.0202	-3611.3999	3216.0822
Saccade R	1	19	164761702040	164761785399	83359	397.2118	95.2001	132.3151	-17.4922	9.0222	331.2047	0.4029	108.2328	9829.0202	-3611.3999	3216.0822
Fixation L	1	22	164761785399	164761902036	116637	137.8236	35.6401	23	72	-1	10.6508	10.6508
Fixation R	1	20	164761785399	164761902036	116637	137.8236	35.6401	23	72	-1	10.8120	10.8120
Saccade L	1	21	164761902036	164763568656	1666620	127.8085	31.9009	-1.9970	-91.0000	722.6943	2403.3548	0.8900	433.6287	65187.8823	-54036.2657	13614.7391
Saccade R	1	20	164761902036	164763568656	1666620	127.8085	31.9009	-1.9970	-91.0000	722.6943	2403.3548	0.8900	433.6287	65187.8823	-54036.2657	13614.7391
Fixation L	1	23	164763568656	164763968650	399994	-1.9997	-91.0000	2	91	-1	8.9613	8.9613
Fixation R	1	21	164763568656	164763968650	399994	-1.9997	-91.0000	2	91	-1	9.6392	9.6392
Saccade L	1	22	164763968650	164764085294	116644	-2.0000	-91.0000	-5.2744	-91.0000	66.7445	2307.9768	1.0000	572.2065	54981.6950	-69231.5088	24901.5434
Saccade R	1	21	164763968650	164764085294	116644	-2.0000	-91.0000	-5.2744	-91.0000	66.7445	2307.9768	1.0000	572.2065	54981.6950	-69231.5088	24901.5434
Fixation L	1	24	164764085294	164764318720	233426	-2.9846	-91.0000	5	91	-1	11.2803	11.2803
Fixation R	1	22	164764085294	164764318720	233426	-2.9846	-91.0000	5	91	-1	10.1400	10.1400
Saccade L	1	23	164764318720	164764368734	50014	-2.0000	-91.0000	-2.0000	-91.0000	43.3042	2535.8564	0.3323	865.8407	76075.6923	-55202.0246	40259.7176
Saccade R	1	22	164764318720	164764368734	50014	-2.0000	-91.0000	-2.0000	-91.0000	43.3042	2535.8564	0.3323	865.8407	76075.6923	-55202.0246	40259.7176
Blink R	1	5	164764368734	164764635375	266641
Fixation L	1	25	164764401872	164764535332	133460	-2.0000	-91.0000	2	91	-1	8.4404	7.9959
Blink L	1	5	164764535332	164764635375	100043
Saccade L	1	24	164764635375	164764651995	16620	-2.0000	-91.0000	-2.0000	-91.0000	0.0000	0.0000	0.0000	0.0000	0.0000	0.0000	0.0000
Fixation R	1	23	164764635375	164764891328	255953	-2.0000	-91.0000	2	91	-1	10.4486	10.4486
Fixation L	1	26	164764718639	164764891328	172689	-2.0000	-91.0000	2	91	-1	12.6998	12.6998
Blink L	1	6	164764891328	164768427806	3536478
Blink R	1	6	164764891328	164768427806	3536478
Saccade L	1	25	164768427806	164768594146	166340	630.3985	206.8845	403.2741	212.4440	33.1542	1107.0927	0.0000	199.3158	15638.9777	-32943.4595	6972.1336
Saccade R	1	23	164768427806	164768594146	166340	630.3985	206.8845	403.2741	212.4440	33.1542	1107.0927	0.0000	199.3158	15638.9777	-32943.4595	6972.1336
Fixation L	1	27	164768594146	164768694173	100027	398.9560	206.7979	77	12	-1	12.7812	12.7812
Fixation R	1	24	164768594146	164768694173	100027	398.9560	206.7979	77	12	-1	12.8581	12.8581
Saccade L	1	26	164768694173	164768777521	83348	425.9625	213.6356	-2.0000	-91.0000	10.0003	835.0865	0.2570	119.9827	22244.8211	-25052.5943	6890.4152
Saccade R	1	24	164768694173	164768727630	33457	425.9625	213.6356	-2.0000	-91.0000	6.4228	835.0865	0.6401	191.9724	22244.8211	-25052.5943	12058.2265
Blink R	1	7	164768727630	164768860782	133152
Saccade L	1	27	164768844247	164768860782	16535	-2.0000	-91.0000	-2.0000	-91.0000	0.0000	0.0000	0.0000	0.0000	0.0000	0.0000	0.0000
Saccade R	1	25	164768860782	164768894144	33362	-2.0000	-91.0000	-2.0000	-91.0000	0.0000	0.0000	0.0000	0.0000	0.0000	0.0000	0.0000
Saccade L	1	28	164768894144	164768927674	33530	-2.0000	-91.0000	-2.0000	-91.0000	0.0000	0.0000	0.0000	0.0000	0.0000	0.0000	0.0000
Blink R	1	8	164768894144	164768994182	100038
Saccade L	1	29	164768977520	164769179129	201609	-2.0000	-91.0000	-2.0000	-91.0000	69.1477	1028.9381	0.1839	342.9794	30868.1442	-30868.1442	24694.5153
Saccade R	1	26	164768994182	164769179129	184947	-2.0000	-91.0000	-2.0000	-91.0000	76.1196	1028.9381	0.1104	411.5753	30868.1442	-30868.1442	30868.1442
Blink L	1	7	164769179129	164814110680	44931551
Blink R	1	9	164769179129	164814110680	44931551
UserEvent	1	4	164814165634	# Message: ExC:BgScrRec Stop P31-130.89.13.112#3000#experiments#1#sessions#create-bgscrrec.avi
UserEvent	1	1	164814273129	# Message: RichText7.jpg
UserEvent	1	2	164816055404	# Message: ExC:Webcam stop
