340945928782	1	6474
341044306818	1	4094
341150636097	1	4701
341244630296	1	10879
341329659483	1	4504
341411155349	1	11299
341537049100	1	3819
341624246564	1	11143
341703674222	1	2725
341786186665	1	7784
341869797285	1	6046
341954476538	1	3775
342057387840	1	322
342142400748	1	13165
342224546272	1	5938
342313044215	1	6366
342398687963	1	4584
342477417131	1	9977
344836958870	2	4584
344961401708	2	4701
345052414684	2	6366
345150692211	2	322
345229321720	2	4504
345314817113	2	3819
345446627252	2	7784
345551422174	2	6046
345625518797	2	13165
345710197787	2	11143
345796043275	2	4094
345898838059	2	6474
346009399336	2	3775
346091012015	2	2725
346174841442	2	10879
346256520349	2	9977
346340516319	2	5938
346437511325	2	11299
347605504163	3	4584
347739649478	3	4094
347840239591	3	6366
347926244214	3	6046
348049046187	3	5938
348163928681	3	9977
348325555203	3	4701
348415481713	3	6474
348550239686	3	7784
348645107088	3	10879
348741068166	3	2725
348833820195	3	3775
348954074509	3	11299
349041927112	3	13165
349117054334	3	322
349188191535	3	11143
349251752025	3	3819
349343576620	3	4504
354212330642	4	3819
354409870641	4	322
354538036317	4	13165
354652945183	4	6046
354770839511	4	11299
354907682447	4	6474
355090764418	4	11143
355237290123	4	2725
355365757870	4	10879
355493368346	4	9977
355637547540	4	6366
355772634468	4	7784
356021569025	4	4584
356169144741	4	3775
356306488324	4	5938
356429348754	4	4094
356547842525	4	4701
356667951702	4	4504
358019100488	6	11299
358225618145	6	13165
358396033766	6	5938
358554393197	6	11143
358667521174	6	322
358874127546	6	10879
359123646571	6	4584
359276345762	6	4504
359398515158	6	6366
359524632667	6	4701
359660209762	6	6474
359800259644	6	4094
359991841287	6	7784
360152554749	6	6046
360314207796	6	2725
360444551270	6	3775
360574955803	6	9977
360715033599	6	3819
361406834927	7	4504
361480414157	7	4584
361553927636	7	6046
361625307051	7	4701
361703303411	7	6474
361772833337	7	11299
361888377572	7	13165
361959107189	7	3775
362035936641	7	11143
362104816958	7	3819
362184379181	7	5938
362266991915	7	6366
362366237117	7	9977
362439749958	7	2725
362516012676	7	7784
362599592729	7	4094
362662422866	7	322
362730752403	7	10879
364242949986	8	5938
364416282066	8	4094
364564541495	8	3775
364714834138	8	6474
364840135223	8	3819
364990628152	8	11299
365290046386	8	4701
365471087244	8	13165
365565039395	8	6366
365688866797	8	4504
365833531973	8	7784
365957342242	8	2725
366080369952	8	6046
366212729518	8	9977
366327910043	8	10879
366428511718	8	4584
366583992794	8	11143
366714981375	8	322
367489141462	9	3819
367643800072	9	7784
367808530212	9	322
367951740018	9	3775
368100903218	9	11143
368287643102	9	13165
368536563515	9	4504
368676556326	9	5938
368846348195	9	4584
368976425209	9	2725
369098235122	9	4701
369225845283	9	10879
369422237066	9	6046
369530284927	9	6474
369672757697	9	6366
369795634856	9	9977
369910546142	9	4094
370016145531	9	11299
424522934155	10	3775
424658558586	10	322
424782919602	10	4584
424895328787	10	9977
425024240345	10	6046
425149617483	10	5938
425300760304	10	13165
425404553198	10	2725
425530648448	10	4504
425647651872	10	10879
425759896004	10	7784
425860876271	10	4701
426018201931	10	11143
426113147855	10	11299
426233242004	10	6366
426332035298	10	6474
426436848834	10	3819
426538669569	10	4094
430275268313	12	11143
430369463909	12	7784
430486808078	12	6046
430598668829	12	9977
430721179436	12	3819
430838090448	12	4504
430997698869	12	5938
431142441835	12	6474
431275301667	12	2725
431394695650	12	10879
431491376097	12	4094
431576686551	12	11299
431720012699	12	13165
431837207329	12	4701
431929319587	12	322
432052413193	12	6366
432145275069	12	4584
432232187097	12	3775
751046163	13	7784
920682395	13	4504
1047992600	13	6474
1194851564	13	4701
1324845161	13	9977
1452289170	13	11299
1647984635	13	5938
1771378367	13	2725
1893971909	13	322
2004266806	13	11143
2121360558	13	10879
2247554128	13	4584
2398452072	13	6366
2509679713	13	4094
2624507683	13	3775
2740368586	13	3819
2858245770	13	13165
2955674743	13	6046
3552453903	14	13165
3630549987	14	6474
3701531916	14	11143
3772626395	14	4584
3846863606	14	3819
3938427178	14	322
4040031165	14	6366
4122427110	14	5938
4205465128	14	2725
4290281680	14	9977
4359681538	14	7784
4443349476	14	3775
4527212190	14	11299
4610345080	14	4094
4672175717	14	10879
4741670396	14	4701
4808057919	14	6046
4884140513	14	4504
7720595530	15	4701
7794669471	15	6046
7839750421	15	4504
7896434249	15	3775
7950739086	15	5938
8007285130	15	6366
8084146171	15	3819
8145983655	15	9977
8207064214	15	11299
8271308956	15	13165
8324257033	15	6474
8380187292	15	10879
8472254146	15	2725
8525496337	15	7784
8585456105	15	11143
8643753915	15	4094
8695782130	15	322
8752952940	15	4584
9925258743	16	4584
10154719240	16	4504
10333234363	16	6046
10464510308	16	6366
10622827434	16	4094
10768849169	16	13165
11002939293	16	2725
11129039836	16	10879
11264247667	16	322
11391713455	16	11143
11510364043	16	9977
11633126748	16	7784
11791831329	16	4701
11890133685	16	6474
11999028674	16	5938
12144365110	16	3819
12259271259	16	3775
12369921133	16	11299
14391397460	17	7784
14631885123	17	13165
14742696030	17	6366
14913987425	17	4094
14987884429	17	10879
15097544839	17	3775
15249987244	17	5938
15416552873	17	6474
15504055886	17	4701
15591784774	17	9977
15680380165	17	11299
15770687160	17	4504
15880752904	17	2725
15972672180	17	11143
16088749681	17	3819
16194611362	17	322
16304079487	17	4584
16434364829	17	6046
72707221539	19	11143
72807532571	19	6366
72908708551	19	9977
72990987672	19	3819
73098332998	19	4094
73200010887	19	6474
73325971225	19	322
73407016988	19	10879
73504295136	19	13165
73580357889	19	5938
73667870510	19	3775
73750899284	19	6046
73859793861	19	2725
73951089043	19	4504
74024019092	19	11299
74128714295	19	4584
74222792283	19	7784
74321920286	19	4701
75690254174	20	7784
75826964152	20	3775
75913943957	20	322
76009471612	20	4504
76112391127	20	6474
76215988772	20	4094
76351979971	20	6366
76447875316	20	5938
76535146050	20	3819
76665672770	20	13165
76745766638	20	6046
76840978898	20	4701
76967189357	20	11299
77061476319	20	11143
77151244374	20	10879
77242173106	20	2725
77335968723	20	9977
77441772380	20	4584
78393475549	21	3775
78493953848	21	2725
78588332386	21	6366
78684161110	21	10879
78772106624	21	4094
78847336391	21	6046
78976096341	21	7784
79063725740	21	5938
79171636861	21	322
79239933540	21	9977
79321495792	21	13165
79387542954	21	4701
79527208203	21	6474
79608120630	21	4504
79698705412	21	4584
79793824807	21	11299
79875237741	21	3819
79970599792	21	11143
86847834557	22	5938
87046910179	22	2725
87166916698	22	4094
87268334947	22	4701
87376308528	22	4584
87482164562	22	4504
87648620185	22	10879
87754212687	22	13165
87860968566	22	6046
87949696018	22	6366
88040066706	22	9977
88148831853	22	7784
88278438607	22	6474
88397213578	22	3819
88502439131	22	11143
88587440671	22	322
88686173039	22	11299
88785336625	22	3775
90581928896	23	4094
90804328554	23	3775
90949159015	23	11299
91055580931	23	2725
91168341320	23	6366
91312129737	23	13165
91512945025	23	9977
91642832068	23	7784
91810598607	23	11143
91934337129	23	3819
92105326012	23	6474
92223540119	23	6046
92437052086	23	4584
92591249686	23	5938
92731946833	23	10879
92862742949	23	4701
92979798081	23	322
93096522312	23	4504
95521520554	24	6046
95704546035	24	2725
95877118642	24	4701
96045372602	24	9977
96193126391	24	10879
96346517655	24	6474
96605321734	24	6366
96752722187	24	322
96868932965	24	3819
96991095370	24	4094
97106454299	24	4584
97226520214	24	11299
97419442657	24	3775
97556619715	24	11143
97706128827	24	5938
97811723341	24	13165
97969218445	24	7784
98124910295	24	4504
99418083894	25	11143
99532278542	25	3819
99663788158	25	3775
99754132796	25	6474
99873700234	25	6046
99965729192	25	7784
100164317016	25	10879
100242694373	25	4701
100325373729	25	13165
100413635919	25	322
100512938305	25	4504
100661888474	25	6366
100851480053	25	4584
100964407482	25	5938
101060086244	25	9977
101192180163	25	2725
101288991282	25	4094
101381086637	25	11299
162612415502	27	2725
162704827455	27	6046
162781807067	27	13165
162851886829	27	4584
162928316581	27	6366
163008012690	27	5938
163121147551	27	9977
163192376925	27	3775
163270522958	27	4701
163345386002	27	10879
163432348046	27	11299
163517215402	27	6474
163634109377	27	7784
163712722387	27	322
163777419165	27	4094
163847598786	27	3819
163939344309	27	4504
164008024190	27	11143
433058417	29	322
517853166	29	13165
593519943	29	6366
682698994	29	9977
779756735	29	4094
870185413	29	6474
1029827753	29	11143
1142405186	29	4701
1236333747	29	3819
1334762209	29	7784
1418841232	29	4504
1497837173	29	11299
1630043451	29	6046
1709919402	29	4584
1802012236	29	5938
1877343671	29	2725
1963237510	29	3775
2034450667	29	10879
8603983458	30	5938
8811606227	30	4094
8938983154	30	13165
9049369540	30	6046
9165597257	30	322
9266283564	30	2725
9500482907	30	6366
9636101435	30	10879
9763469138	30	4504
9874063497	30	3819
10017168773	30	4584
10127598556	30	11299
10304524242	30	7784
10428104305	30	6474
10520975071	30	3775
10628600840	30	11143
10746402363	30	4701
10840834169	30	9977
17083332289	32	4504
17184532928	32	2725
17271032858	32	6366
17369028094	32	6474
17480033594	32	4701
17563827805	32	11299
17696422074	32	3819
17772780485	32	7784
17859215334	32	9977
17948190684	32	6046
18024019269	32	10879
18084816429	32	4584
18188481085	32	13165
18259609802	32	322
18329405709	32	11143
18419732127	32	4094
18479392610	32	5938
18545437261	32	3775
19517091397	34	5938
19648623392	34	7784
19713703543	34	4504
19778450558	34	10879
19848248793	34	6046
19916853075	34	4701
20039113398	34	4094
20099826808	34	3819
20184109249	34	6366
20249826800	34	2725
20322139842	34	11143
20377203391	34	13165
20444201452	34	6474
20506224998	34	9977
20563922326	34	4584
20619219354	34	3775
20682839572	34	11299
20757541783	34	322
23530172095	35	3775
23676648143	35	3819
23803292188	35	11143
23907086635	35	7784
23990065912	35	4701
24054464713	35	6046
24185570797	35	4094
24242856825	35	2725
24297173208	35	6366
24355887110	35	6474
24410234139	35	9977
24463864863	35	11299
24554860307	35	10879
24612373867	35	13165
24667104483	35	5938
24720259443	35	322
24774465818	35	4504
24830954270	35	4584
4359618878	36	5938
4567866704	36	322
4707035436	36	4094
4865349541	36	4584
5013032869	36	6046
5108715714	36	11143
5285753032	36	6474
5383082775	36	4504
5467900714	36	4701
5566279306	36	7784
5654258216	36	13165
5731956112	36	11299
5853233067	36	9977
5940831845	36	3775
6044847015	36	6366
6145407421	36	3819
6256273219	36	2725
6357795646	36	10879
